RS-44
1 44909U 19096E   23244.44982072  .00000038  00000-0  10678-3 0  9998
2 44909  82.5201 297.2777 0217517   8.9857 351.5039 12.79722276171917
AO-07
1 07530U 74089B   23244.49584382 -.00000031  00000-0  93528-4 0  9997
2 07530 101.9543 231.7039 0011833 278.6553 234.6596 12.53666639232736
FO-29
1 24278U 96046B   23244.20083405 -.00000003  00000-0  34148-4 0  9993
2 24278  98.5363 212.4251 0349486 219.6077 137.9053 13.53152949335216
JO-97
1 43803U 18099AX  23244.62964442  .00005761  00000-0  44613-3 0  9997
2 43803  97.5691 305.2984 0012169 193.9473 166.1418 15.01763868259168

